{
    "Q": {
        "type_id": "opencv-matrix",
        "rows": 4,
        "cols": 4,
        "dt": "d",
        "data": [ 1.0, 0.0, 0.0, -1.2695522918701172e+03, 0.0, 1.0, 0.0,
            -1.0632092437744141e+03, 0.0, 0.0, 0.0,
            1.5062005750800411e+03, 0.0, 0.0, 9.9036072095100671e+00,
            0.0 ]
    },
    "R": {
        "type_id": "opencv-matrix",
        "rows": 3,
        "cols": 3,
        "dt": "d",
        "data": [ 9.9999299909322104e-01, 1.3488654297681661e-04,
            -3.7394612132921608e-03, -1.2815492222074105e-04,
            9.9999837117638668e-01, 1.8003391040494455e-03,
            3.7396979638873664e-03, -1.7998472696822716e-03,
            9.9999138756738537e-01 ]
    },
    "T": {
        "type_id": "opencv-matrix",
        "rows": 3,
        "cols": 1,
        "dt": "d",
        "data": [ -1.0096754640610452e-01, 2.5657419581662276e-04,
            1.0478820265167666e-03 ]
    },
    "imageSize": [ 2448, 2048 ],
    "K1": {
        "type_id": "opencv-matrix",
        "rows": 3,
        "cols": 3,
        "dt": "d",
        "data": [ 1.4646689411708037e+03, 0.0, 1.2260242478965101e+03,
            0.0, 1.4631881311216912e+03, 1.0598586484847642e+03, 0.0,
            0.0, 1.0 ]
    },
    "D1": {
        "type_id": "opencv-matrix",
        "rows": 1,
        "cols": 14,
        "dt": "d",
        "data": [ -1.6712251500767255e+01, 1.2184713483401123e+02,
            6.9803720033866784e-04, 3.5812835933180382e-04,
            -4.5683976171087217e+01, -1.6709547346500887e+01,
            1.2188618247176953e+02, -4.6223581842687963e+01, 0.0, 0.0,
            0.0, 0.0, 0.0, 0.0 ]
    },
    "P1": {
        "type_id": "opencv-matrix",
        "rows": 3,
        "cols": 4,
        "dt": "d",
        "data": [ 1.5062005750800411e+03, 0.0, 1.2695522918701172e+03,
            0.0, 0.0, 1.5062005750800411e+03, 1.0632092437744141e+03,
            0.0, 0.0, 0.0, 1.0, 0.0 ]
    },
    "R1": {
        "type_id": "opencv-matrix",
        "rows": 3,
        "cols": 3,
        "dt": "d",
        "data": [ 9.9989743576743662e-01, -2.3874485963041024e-03,
            -1.4121545060821578e-02, 2.4001195605326225e-03,
            9.9999673215616769e-01, 8.8039938713274147e-04,
            1.4119397005536652e-02, -9.1420248617067265e-04,
            9.9989989842084404e-01 ]
    },
    "K2": {
        "type_id": "opencv-matrix",
        "rows": 3,
        "cols": 3,
        "dt": "d",
        "data": [ 1.4593450773458926e+03, 0.0, 1.2468452088471952e+03,
            0.0, 1.4597855225805699e+03, 1.0558682449736957e+03, 0.0,
            0.0, 1.0 ]
    },
    "D2": {
        "type_id": "opencv-matrix",
        "rows": 1,
        "cols": 14,
        "dt": "d",
        "data": [ -8.4048508823329353e+00, 1.3417410319170249e+00,
            3.0688745565684889e-03, 1.3225033707901309e-03,
            1.3445888208737824e+02, -8.4334739277234121e+00,
            1.6701549309323709e+00, 1.3337289316251994e+02, 0.0, 0.0,
            0.0, 0.0, 0.0, 0.0 ]
    },
    "P2": {
        "type_id": "opencv-matrix",
        "rows": 3,
        "cols": 4,
        "dt": "d",
        "data": [ 1.5062005750800411e+03, 0.0, 1.2695522918701172e+03,
            -1.5208605745527674e+02, 0.0, 1.5062005750800411e+03,
            1.0632092437744141e+03, 0.0, 0.0, 0.0, 1.0, 0.0 ]
    },
    "R2": {
        "type_id": "opencv-matrix",
        "rows": 3,
        "cols": 3,
        "dt": "d",
        "data": [ 9.9994292051403910e-01, -2.5410100554624209e-03,
            -1.0377811992520827e-02, 2.5316966403465973e-03,
            9.9999638076818531e-01, -9.1047386106324596e-04,
            1.0380087956049694e-02, 8.8414841992766119e-04,
            9.9994573455542890e-01 ]
    }
}
