eye_on_hand: true
robot_effector_frame: ''
tracking_base_frame: ''
transformation:
  pitch: -0.015052520405715747
  qw: -0.018574092800709346
  qx: -0.9997105778526656
  qy: -0.013166152655957442
  qz: -0.007772774945924488
  roll: 3.104237626640694
  x: 0.10020002032104888
  y: -0.05566033562067455
  yaw: 0.02661958761697378
  z: -0.06671697388528738
