eye_on_hand: true
robot_effector_frame: ''
tracking_base_frame: ''
transformation:
  pitch: -0.007752140733534821
  qw: 0.008565786528842961
  qx: -0.9999547840365224
  qy: -0.001459090188315748
  qz: -0.0038637079905660954
  roll: -3.124471779320004
  x: 0.05552185218190376
  y: -0.04249628162868302
  yaw: 0.002851946592975226
  z: -0.05771536030035168
