eye_on_hand: true
robot_effector_frame: ''
tracking_base_frame: ''
transformation:
  pitch: 0.013149471703779073
  qw: -0.9987637957373803
  qx: -0.048969548219617465
  qy: -0.0068334915893696335
  qz: -0.005115375267282174
  roll: 0.09805344550502469
  x: 0.06293064761155324
  y: 0.0397411120134261
  yaw: 0.010888525712646915
  z: 0.0502300835406319
