{
    "left_rms": 3.3872115510927875e-01,
    "right_rms": 3.7945865611997520e-01,
    "rms": 9.0094011200493995e-01,
    "Q": {
        "type_id": "opencv-matrix",
        "rows": 4,
        "cols": 4,
        "dt": "d",
        "data": [ 1.0, 0.0, 0.0, -1.3094907836914062e+03, 0.0, 1.0, 0.0,
            -1.0450696029663086e+03, 0.0, 0.0, 0.0,
            1.5250945451569048e+03, 0.0, 0.0, 9.9600897578949539e+00,
            0.0 ]
    },
    "R": {
        "type_id": "opencv-matrix",
        "rows": 3,
        "cols": 3,
        "dt": "d",
        "data": [ 9.9982602350895378e-01, -5.2514928745588515e-03,
            -1.7898171327306516e-02, 5.2186609101047615e-03,
            9.9998461436465635e-01, -1.8805882789526152e-03,
            1.7907771848516055e-02, 1.7868566137345865e-03,
            9.9983804631093309e-01 ]
    },
    "T": {
        "type_id": "opencv-matrix",
        "rows": 3,
        "cols": 1,
        "dt": "d",
        "data": [ -1.0038336955934485e-01, -6.2615877155304899e-06,
            1.8654663475217454e-03 ]
    },
    "imageSize": [ 2464, 2056 ],
    "K1": {
        "type_id": "opencv-matrix",
        "rows": 3,
        "cols": 3,
        "dt": "d",
        "data": [ 1.4547699964668741e+03, 0.0, 1.2500398459064081e+03,
            0.0, 1.4557979497328511e+03, 1.0424163866797774e+03, 0.0,
            0.0, 1.0 ]
    },
    "D1": {
        "type_id": "opencv-matrix",
        "rows": 14,
        "cols": 1,
        "dt": "d",
        "data": [ 1.5920580213471764e+01, -2.8418616088971586e+01,
            4.1065593667010144e-05, 2.8134335301827802e-03,
            2.3604453442855522e+01, 1.5936680005961936e+01,
            -2.8564196585037347e+01, 2.3768317284525615e+01, 0.0, 0.0,
            0.0, 0.0, 0.0, 0.0 ]
    },
    "P1": {
        "type_id": "opencv-matrix",
        "rows": 3,
        "cols": 4,
        "dt": "d",
        "data": [ 1.5250945451569048e+03, 0.0, 1.3094907836914062e+03,
            0.0, 0.0, 1.5250945451569048e+03, 1.0450696029663086e+03,
            0.0, 0.0, 0.0, 1.0, 0.0 ]
    },
    "R1": {
        "type_id": "opencv-matrix",
        "rows": 3,
        "cols": 3,
        "dt": "d",
        "data": [ 9.9932101981815513e-01, -5.2214214736820653e-03,
            -3.6472401996532205e-02, 5.1888688176923593e-03,
            9.9998605051125478e-01, -9.8712881390301929e-04,
            3.6477047440757242e-02, 7.9720806357530527e-04,
            9.9933417307190486e-01 ]
    },
    "K2": {
        "type_id": "opencv-matrix",
        "rows": 3,
        "cols": 3,
        "dt": "d",
        "data": [ 1.4656843980876506e+03, 0.0, 1.2167224285921409e+03,
            0.0, 1.4664234250902837e+03, 1.0508891645828041e+03, 0.0,
            0.0, 1.0 ]
    },
    "D2": {
        "type_id": "opencv-matrix",
        "rows": 14,
        "cols": 1,
        "dt": "d",
        "data": [ -3.7223898627696825e+00, 2.3861084966302353e+00,
            -1.2174095083506452e-03, 5.9476863648444227e-04,
            2.1615810924463368e+00, -3.7270655094182090e+00,
            2.4056951590110800e+00, 2.1410291135857711e+00, 0.0, 0.0,
            0.0, 0.0, 0.0, 0.0 ]
    },
    "P2": {
        "type_id": "opencv-matrix",
        "rows": 3,
        "cols": 4,
        "dt": "d",
        "data": [ 1.5250945451569048e+03, 0.0, 1.3094907836914062e+03,
            -1.5312056238730429e+02, 0.0, 1.5250945451569048e+03,
            1.0450696029663086e+03, 0.0, 0.0, 0.0, 1.0, 0.0 ]
    },
    "R2": {
        "type_id": "opencv-matrix",
        "rows": 3,
        "cols": 3,
        "dt": "d",
        "data": [ 9.9982737101101460e-01, 6.2365975673472275e-05,
            -1.8580212261650599e-02, -4.5785741779609270e-05,
            9.9999960042027658e-01, 8.9278382218668372e-04,
            1.8580260516708660e-02, -8.9177899301725401e-04,
            9.9982697435574253e-01 ]
    }
}
