eye_on_hand: true
robot_effector_frame: ''
tracking_base_frame: ''
transformation:
  pitch: 0.01905473809583318
  qw: -0.9984999890166985
  qx: -0.05389338765049806
  qy: -0.009598716501894755
  qz: -0.0010673999823262448
  roll: 0.10787422804694986
  x: 0.042287402283712965
  y: 0.037744103411036234
  yaw: 0.0031667926190894705
  z: 0.05565719908558311
