{
    "left_rms": 2.5234393985527520e-01,
    "right_rms": 2.4387038695902660e-01,
    "rms": 2.7000418993367775e-01,
    "Q": {
        "type_id": "opencv-matrix",
        "rows": 4,
        "cols": 4,
        "dt": "d",
        "data": [ 1.0, 0.0, 0.0, -1.2402941894531250e+03, 0.0, 1.0, 0.0,
            -1.0699908447265625e+03, 0.0, 0.0, 0.0,
            1.5111549296485341e+03, 0.0, 0.0, 9.9966389448573931e+00,
            0.0 ]
    },
    "R": {
        "type_id": "opencv-matrix",
        "rows": 3,
        "cols": 3,
        "dt": "d",
        "data": [ 9.9995721435978224e-01, 3.1611505424833939e-04,
            -9.2449727472344572e-03, -3.8486575912118081e-04,
            9.9997228061162913e-01, -7.4357169610376195e-03,
            9.2423659401738873e-03, 7.4389568925813804e-03,
            9.9992961781926348e-01 ]
    },
    "T": {
        "type_id": "opencv-matrix",
        "rows": 3,
        "cols": 1,
        "dt": "d",
        "data": [ -1.0003101967032278e-01, -6.6219709910017035e-04,
            -2.8653015469116158e-04 ]
    },
    "imageSize": [ 2464, 2056 ],
    "K1": {
        "type_id": "opencv-matrix",
        "rows": 3,
        "cols": 3,
        "dt": "d",
        "data": [ 1.4603292533357965e+03, 0.0, 1.2265183999792450e+03,
            0.0, 1.4609385774475018e+03, 1.0754953014709829e+03, 0.0,
            0.0, 1.0 ]
    },
    "D1": {
        "type_id": "opencv-matrix",
        "rows": 14,
        "cols": 1,
        "dt": "d",
        "data": [ -3.3330805817777986e+00, 3.9834841725695740e+00,
            5.1198756520549087e-05, -7.3666457925540378e-04,
            -4.5796292766670965e-01, -3.3426269245321478e+00,
            4.0115461897357134e+00, -4.8301751746123917e-01, 0.0, 0.0,
            0.0, 0.0, 0.0, 0.0 ]
    },
    "P1": {
        "type_id": "opencv-matrix",
        "rows": 3,
        "cols": 4,
        "dt": "d",
        "data": [ 1.5111549296485341e+03, 0.0, 1.2402941894531250e+03,
            0.0, 0.0, 1.5111549296485341e+03, 1.0699908447265625e+03,
            0.0, 0.0, 0.0, 1.0, 0.0 ]
    },
    "R1": {
        "type_id": "opencv-matrix",
        "rows": 3,
        "cols": 3,
        "dt": "d",
        "data": [ 9.9995512795423225e-01, 6.9569763365465997e-03,
            -6.4298179047097828e-03, -6.9807396056025556e-03,
            9.9996886012568786e-01, -3.6807680572551044e-03,
            6.4040106647137406e-03, 3.7254877781665980e-03,
            9.9997255431747778e-01 ]
    },
    "K2": {
        "type_id": "opencv-matrix",
        "rows": 3,
        "cols": 3,
        "dt": "d",
        "data": [ 1.4552885952104198e+03, 0.0, 1.2349545630686091e+03,
            0.0, 1.4552699776466634e+03, 1.0626322761613296e+03, 0.0,
            0.0, 1.0 ]
    },
    "D2": {
        "type_id": "opencv-matrix",
        "rows": 14,
        "cols": 1,
        "dt": "d",
        "data": [ 6.3234914074539734e+00, -2.1672115236528796e+01,
            8.1514808257579182e-04, 3.1954481087313365e-03,
            2.3756129897830377e+01, 6.3009627309649083e+00,
            -2.1653226610099111e+01, 2.3740193018476205e+01, 0.0, 0.0,
            0.0, 0.0, 0.0, 0.0 ]
    },
    "P2": {
        "type_id": "opencv-matrix",
        "rows": 3,
        "cols": 4,
        "dt": "d",
        "data": [ 1.5111549296485341e+03, 0.0, 1.2402941894531250e+03,
            -1.5116630079212004e+02, 0.0, 1.5111549296485341e+03,
            1.0699908447265625e+03, 0.0, 0.0, 0.0, 1.0, 0.0 ]
    },
    "R2": {
        "type_id": "opencv-matrix",
        "rows": 3,
        "cols": 3,
        "dt": "d",
        "data": [ 9.9997398693014439e-01, 6.6197453100615344e-03,
            2.8643385032551846e-03, -6.6303071193464591e-03,
            9.9997119739761575e-01, 3.6936976976442676e-03,
            -2.8398046648414146e-03, -3.7125930571983868e-03,
            9.9998907602146203e-01 ]
    }
}
