eye_on_hand: true
robot_effector_frame: ''
tracking_base_frame: ''
transformation:
  pitch: 0.0021645916746266844
  qw: 0.0030118099355972983
  qx: -0.999895024078794
  qy: 0.014134658474939277
  qz: 0.001039833244760091
  roll: -3.1355990115022134
  x: 0.06603174328671686
  y: -0.047799033772565336
  yaw: -0.028263914947133772
  z: -0.05911710547357318
