{
    "Q": {
        "type_id": "opencv-matrix",
        "rows": 4,
        "cols": 4,
        "dt": "d",
        "data": [ 1.0, 0.0, 0.0, -1.3150752716064453e+03, 0.0, 1.0, 0.0,
            -1.0524740142822266e+03, 0.0, 0.0, 0.0,
            1.5315849565134133e+03, 0.0, 0.0, 9.9733836440436576e+00,
            0.0 ]
    },
    "R": {
        "type_id": "opencv-matrix",
        "rows": 3,
        "cols": 3,
        "dt": "d",
        "data": [ 9.9999808339367402e-01, 6.4443686397054156e-04,
            -1.8487590721829922e-03, -6.4289993213688303e-04,
            9.9999944738952129e-01, 8.3180546362266220e-04,
            1.8492940966437696e-03, -8.3061530229699857e-04,
            9.9999794509267048e-01 ]
    },
    "T": {
        "type_id": "opencv-matrix",
        "rows": 3,
        "cols": 1,
        "dt": "d",
        "data": [ -1.0020274204509347e-01, 1.5629125381621443e-03,
            3.2270402580937018e-03 ]
    },
    "imageSize": [ 2464, 2056 ],
    "K1": {
        "type_id": "opencv-matrix",
        "rows": 3,
        "cols": 3,
        "dt": "d",
        "data": [ 1.4451494365946589e+03, 0.0, 1.2183505867136514e+03,
            0.0, 1.4443825710004080e+03, 1.0512035808556748e+03, 0.0,
            0.0, 1.0 ]
    },
    "D1": {
        "type_id": "opencv-matrix",
        "rows": 1,
        "cols": 14,
        "dt": "d",
        "data": [ -7.1057497436395523e-01, 4.1989974498127882e+00,
            -3.0528617152314832e-04, 6.1142749629644535e-04,
            -2.9222445683729337e+01, -7.2611494781333941e-01,
            4.1453900745417283e+00, -2.8944297402621856e+01, 0.0, 0.0,
            0.0, 0.0, 0.0, 0.0 ]
    },
    "P1": {
        "type_id": "opencv-matrix",
        "rows": 3,
        "cols": 4,
        "dt": "d",
        "data": [ 1.5315849565134133e+03, 0.0, 1.3150752716064453e+03,
            0.0, 0.0, 1.5315849565134133e+03, 1.0524740142822266e+03,
            0.0, 0.0, 0.0, 1.0, 0.0 ]
    },
    "R1": {
        "type_id": "opencv-matrix",
        "rows": 3,
        "cols": 3,
        "dt": "d",
        "data": [ 9.9930897581472466e-01, -1.4916760109613045e-02,
            -3.4044986766899141e-02, 1.4930486678519449e-02,
            9.9988852297226949e-01, 1.4898280409838039e-04,
            3.4038969192216044e-02, -6.5718807477113455e-04,
            9.9942029030841950e-01 ]
    },
    "K2": {
        "type_id": "opencv-matrix",
        "rows": 3,
        "cols": 3,
        "dt": "d",
        "data": [ 1.4520977170413601e+03, 0.0, 1.2378473002419728e+03,
            0.0, 1.4500149635391713e+03, 1.0455930102819229e+03, 0.0,
            0.0, 1.0 ]
    },
    "D2": {
        "type_id": "opencv-matrix",
        "rows": 1,
        "cols": 14,
        "dt": "d",
        "data": [ -5.7536680643101057e-01, 1.3829909371807425e+01,
            2.4821779796260469e-03, 2.0799066828769714e-03,
            -4.6828627172367931e+01, -5.7818931909064475e-01,
            1.3722494126349249e+01, -4.6573161160286340e+01, 0.0, 0.0,
            0.0, 0.0, 0.0, 0.0 ]
    },
    "P2": {
        "type_id": "opencv-matrix",
        "rows": 3,
        "cols": 4,
        "dt": "d",
        "data": [ 1.5315849565134133e+03, 0.0, 1.3150752716064453e+03,
            -1.5356723567212941e+02, 0.0, 1.5315849565134133e+03,
            1.0524740142822266e+03, 0.0, 0.0, 0.0, 1.0, 0.0 ]
    },
    "R2": {
        "type_id": "opencv-matrix",
        "rows": 3,
        "cols": 3,
        "dt": "d",
        "data": [ 9.9936038860086085e-01, -1.5587526345177112e-02,
            -3.2184510528742154e-02, 1.5574547653393766e-02,
            9.9987849553923236e-01, -6.5392934892715305e-04,
            3.2190793108099573e-02, 1.5225189533028165e-04,
            9.9948173052759282e-01 ]
    }
}
