kinematics:
  shoulder:
    x: 0
    y: 0
    z: 0.08907215342608353
    roll: -0
    pitch: 0
    yaw: 5.417504872784473e-05
  upper_arm:
    x: 5.213607285793646e-05
    y: 0
    z: 0
    roll: 1.57082045173085
    pitch: 0
    yaw: -1.009428118800625e-05
  forearm:
    x: -0.4250044569341485
    y: 0
    z: 0
    roll: 0.0003672689368948947
    pitch: 0.0006006682865639685
    yaw: 2.192649470771183e-05
  wrist_1:
    x: -0.3922774644656229
    y: -0.0009632328497100319
    z: 0.1103221580418996
    roll: 0.008730869587307975
    pitch: 3.544995746450372e-05
    yaw: 6.420397998451843e-05
  wrist_2:
    x: 1.352242214134077e-05
    y: -0.09481996671340484
    z: -0.0001083920166784103
    roll: 1.571939461233997
    pitch: 0
    yaw: 3.424044335206648e-05
  wrist_3:
    x: 0.0001156626602937127
    y: 0.08222562827225632
    z: 7.471409650421706e-05
    roll: 1.571704973861654
    pitch: 3.141592653589793
    yaw: 3.141587229660963
  hash: calib_16367902689610902383