kinematics:
  shoulder:
    x: 0
    y: 0
    z: 0.08914903920317312
    roll: -0
    pitch: 0
    yaw: 3.810794034378529e-05
  upper_arm:
    x: 0.0002754636032902117
    y: 0
    z: 0
    roll: 1.569387857397118
    pitch: 0
    yaw: 1.906857672851061e-05
  forearm:
    x: -0.4253070990975756
    y: 0
    z: 0
    roll: 0.003001017765883663
    pitch: 0.002735838643873499
    yaw: 7.510481874863655e-05
  wrist_1:
    x: -0.3917986929354919
    y: 0.0005167128870809546
    z: 0.1104087700142499
    roll: 3.136912689175293
    pitch: 3.140043309576573
    yaw: 3.141538345283769
  wrist_2:
    x: 0.0001560407872770978
    y: -0.09478584058665937
    z: -0.000158901180526792
    roll: 1.572472748406872
    pitch: 0
    yaw: -4.186651183343133e-05
  wrist_3:
    x: -6.015872127348819e-05
    y: 0.08227814568879102
    z: -0.000173033400051495
    roll: 1.568693300000721
    pitch: 3.141592653589793
    yaw: -3.141560984681649
  hash: calib_15623295430121016895