kinematics:
  shoulder:
    x: 0
    y: 0
    z: 0.1281371283611765
    roll: -0
    pitch: 0
    yaw: -2.012596526604869e-05
  upper_arm:
    x: 8.818107309875127e-05
    y: 0
    z: 0
    roll: 1.570931519234301
    pitch: 0
    yaw: 3.358679840775791e-06
  forearm:
    x: -0.6118949898248691
    y: 0
    z: 0
    roll: 3.137535355113894
    pitch: -3.140205354298315
    yaw: -3.141589357108948
  wrist_1:
    x: -0.5714186102821731
    y: 0.0001951603011965157
    z: 0.1639735779881654
    roll: 3.140402460563338
    pitch: -3.139851064582855
    yaw: 3.141493306208836
  wrist_2:
    x: -9.540560027537922e-05
    y: -0.1156491299623276
    z: -0.0001585304449085097
    roll: 1.572167113982524
    pitch: 0
    yaw: -6.25723856934636e-05
  wrist_3:
    x: 6.412765233821091e-05
    y: 0.09229309480978905
    z: 0.0001544302888971488
    roll: 1.572469584638196
    pitch: 3.141592653589793
    yaw: -3.141575907333045
  hash: calib_3298623567643921495