kinematics:
  shoulder:
    x: 0
    y: 0
    z: 0.08934558037720222
    roll: -0
    pitch: 0
    yaw: 4.704920433648216e-05
  upper_arm:
    x: 0.0003440389080070619
    y: 0
    z: 0
    roll: 1.568999702757758
    pitch: 0
    yaw: 9.866270015942832e-06
  forearm:
    x: -0.4254228560898971
    y: 0
    z: 0
    roll: 0.003325784388004495
    pitch: 0.001708309376966783
    yaw: 2.815456322767233e-05
  wrist_1:
    x: -0.3919808037610155
    y: 0.000297799596796319
    z: 0.110324537684769
    roll: 3.138893354958968
    pitch: 3.1409092721511
    yaw: -3.141570117542584
  wrist_2:
    x: -3.375234531824742e-05
    y: -0.094512691973445
    z: 4.969562485505469e-05
    roll: 1.570270517834877
    pitch: 0
    yaw: -9.553494275720692e-05
  wrist_3:
    x: 0.0001043432246112891
    y: 0.08229367465169446
    z: 4.987437428550927e-05
    roll: 1.571402380278233
    pitch: 3.141592653589793
    yaw: -3.141542518393386
  hash: calib_13189490582020530100
