{
    "Q": {
        "type_id": "opencv-matrix",
        "rows": 4,
        "cols": 4,
        "dt": "d",
        "data": [ 1.0, 0.0, 0.0, -1.1600967712402344e+03, 0.0, 1.0, 0.0,
            -1.0577504348754883e+03, 0.0, 0.0, 0.0,
            1.5336189308694288e+03, 0.0, 0.0, 1.0016128263736309e+01,
            0.0 ]
    },
    "R": {
        "type_id": "opencv-matrix",
        "rows": 3,
        "cols": 3,
        "dt": "d",
        "data": [ 9.9999975171782685e-01, 4.3365453139236995e-04,
            5.5543499358614191e-04, -4.3473503791829237e-04,
            9.9999801069446503e-01, 1.9466927234028329e-03,
            -5.5458969653551478e-04, -1.9469337071267273e-03,
            9.9999795093760502e-01 ]
    },
    "T": {
        "type_id": "opencv-matrix",
        "rows": 3,
        "cols": 1,
        "dt": "d",
        "data": [ -9.9795857683548081e-02, 1.0731180335939183e-03,
            -2.7306680888468356e-03 ]
    },
    "imageSize": [ 2448, 2048 ],
    "K1": {
        "type_id": "opencv-matrix",
        "rows": 3,
        "cols": 3,
        "dt": "d",
        "data": [ 1.4645425323859174e+03, 0.0, 1.2229837230562302e+03,
            0.0, 1.4642061063301608e+03, 1.0684647632879553e+03, 0.0,
            0.0, 1.0 ]
    },
    "D1": {
        "type_id": "opencv-matrix",
        "rows": 1,
        "cols": 14,
        "dt": "d",
        "data": [ 1.6603337687748319e+01, 5.2658612211248908e+01,
            -6.5572517815657891e-04, -5.8985087511240761e-04,
            -1.2027739716823974e+02, 1.6670602906836407e+01,
            5.1885205580755539e+01, -1.1946129638749422e+02, 0.0, 0.0,
            0.0, 0.0, 0.0, 0.0 ]
    },
    "P1": {
        "type_id": "opencv-matrix",
        "rows": 3,
        "cols": 4,
        "dt": "d",
        "data": [ 1.5336189308694288e+03, 0.0, 1.1600967712402344e+03,
            0.0, 0.0, 1.5336189308694288e+03, 1.0577504348754883e+03,
            0.0, 0.0, 0.0, 1.0, 0.0 ]
    },
    "R1": {
        "type_id": "opencv-matrix",
        "rows": 3,
        "cols": 3,
        "dt": "d",
        "data": [ 9.9955736688881391e-01, -1.0368249286163388e-02,
            2.7884936884294782e-02, 1.0340976421372593e-02,
            9.9994590110489623e-01, 1.1220829602789425e-03,
            -2.7895062375871214e-02, -8.3322881437527488e-04,
            9.9961050976107135e-01 ]
    },
    "K2": {
        "type_id": "opencv-matrix",
        "rows": 3,
        "cols": 3,
        "dt": "d",
        "data": [ 1.4555368658829732e+03, 0.0, 1.2253714948873896e+03,
            0.0, 1.4552228017678824e+03, 1.0518106167143994e+03, 0.0,
            0.0, 1.0 ]
    },
    "D2": {
        "type_id": "opencv-matrix",
        "rows": 1,
        "cols": 14,
        "dt": "d",
        "data": [ -3.4927174166013644e+00, -4.7631469872010372e+00,
            -4.7512102285855078e-04, 3.0946243953901735e-03,
            2.1602946871649568e+01, -3.5127650826030967e+00,
            -4.6442630829382106e+00, 2.1414819294731227e+01, 0.0, 0.0,
            0.0, 0.0, 0.0, 0.0 ]
    },
    "P2": {
        "type_id": "opencv-matrix",
        "rows": 3,
        "cols": 4,
        "dt": "d",
        "data": [ 1.5336189308694288e+03, 0.0, 1.1600967712402344e+03,
            -1.5311494526502239e+02, 0.0, 1.5336189308694288e+03,
            1.0577504348754883e+03, 0.0, 0.0, 0.0, 1.0, 0.0 ]
    },
    "R2": {
        "type_id": "opencv-matrix",
        "rows": 3,
        "cols": 3,
        "dt": "d",
        "data": [ 9.9956811074799223e-01, -1.0748487866605837e-02,
            2.7350721823583286e-02, 1.0775228169181370e-02,
            9.9994160067293780e-01, -8.3048271801428562e-04,
            -2.7340198126416103e-02, 1.1248343096953103e-03,
            9.9962555405220799e-01 ]
    }
}
