{
    "left_rms": 1.9866593263829663e-01,
    "right_rms": 1.8716002145778601e-01,
    "rms": 2.7916659791071413e-01,
    "Q": {
        "type_id": "opencv-matrix",
        "rows": 4,
        "cols": 4,
        "dt": "d",
        "data": [ 1.0, 0.0, 0.0, -1.2776766967773438e+03, 0.0, 1.0, 0.0,
            -1.0468710784912109e+03, 0.0, 0.0, 0.0,
            1.5149283702101329e+03, 0.0, 0.0, 9.9972788621769535e+00,
            0.0 ]
    },
    "R": {
        "type_id": "opencv-matrix",
        "rows": 3,
        "cols": 3,
        "dt": "d",
        "data": [ 9.9992970905819845e-01, 2.0300800070738000e-03,
            -1.1681426195094841e-02, -2.0148344877162919e-03,
            9.9999710333019787e-01, 1.3167282181879216e-03,
            1.1684065421490832e-02, -1.2930995237577629e-03,
            9.9993090286721709e-01 ]
    },
    "T": {
        "type_id": "opencv-matrix",
        "rows": 3,
        "cols": 1,
        "dt": "d",
        "data": [ -1.0002311182115362e-01, -7.8235317354422734e-04,
            4.5773677423703265e-04 ]
    },
    "imageSize": [ 2464, 2056 ],
    "K1": {
        "type_id": "opencv-matrix",
        "rows": 3,
        "cols": 3,
        "dt": "d",
        "data": [ 1.4519612277535803e+03, 0.0, 1.2579231972152268e+03,
            0.0, 1.4518851313113598e+03, 1.0420371878962039e+03, 0.0,
            0.0, 1.0 ]
    },
    "D1": {
        "type_id": "opencv-matrix",
        "rows": 14,
        "cols": 1,
        "dt": "d",
        "data": [ -2.5932162409593937e+00, 7.5677750006148363e+00,
            1.0433696967021579e-03, 2.6544661747465600e-03,
            -4.0209823042114898e+00, -2.5972868619815790e+00,
            7.5534674099561512e+00, -3.9989939394073946e+00, 0.0, 0.0,
            0.0, 0.0, 0.0, 0.0 ]
    },
    "P1": {
        "type_id": "opencv-matrix",
        "rows": 3,
        "cols": 4,
        "dt": "d",
        "data": [ 1.5149283702101329e+03, 0.0, 1.2776766967773438e+03,
            0.0, 0.0, 1.5149283702101329e+03, 1.0468710784912109e+03,
            0.0, 0.0, 0.0, 1.0, 0.0 ]
    },
    "R1": {
        "type_id": "opencv-matrix",
        "rows": 3,
        "cols": 3,
        "dt": "d",
        "data": [ 9.9981942693992398e-01, 9.8572942251378762e-03,
            -1.6246453892490385e-02, -9.8463575661394409e-03,
            9.9995123990843471e-01, 7.5302607120949973e-04,
            1.6253084513454086e-02, -5.9292170078024389e-04,
            9.9986773409669294e-01 ]
    },
    "K2": {
        "type_id": "opencv-matrix",
        "rows": 3,
        "cols": 3,
        "dt": "d",
        "data": [ 1.4579323435018866e+03, 0.0, 1.2284999018793005e+03,
            0.0, 1.4577484849514190e+03, 1.0503526732597634e+03, 0.0,
            0.0, 1.0 ]
    },
    "D2": {
        "type_id": "opencv-matrix",
        "rows": 14,
        "cols": 1,
        "dt": "d",
        "data": [ -1.9744454796239883e+00, 9.0104250860081123e+00,
            -8.8605790772811727e-04, 4.7426950327051758e-04,
            -1.3496775600688142e+01, -1.9755551338318287e+00,
            8.9802878115890064e+00, -1.3442793855684485e+01, 0.0, 0.0,
            0.0, 0.0, 0.0, 0.0 ]
    },
    "P2": {
        "type_id": "opencv-matrix",
        "rows": 3,
        "cols": 4,
        "dt": "d",
        "data": [ 1.5149283702101329e+03, 0.0, 1.2776766967773438e+03,
            -1.5153407153036542e+02, 0.0, 1.5149283702101329e+03,
            1.0468710784912109e+03, 0.0, 0.0, 0.0, 1.0, 0.0 ]
    },
    "R2": {
        "type_id": "opencv-matrix",
        "rows": 3,
        "cols": 3,
        "dt": "d",
        "data": [ 9.9995894153878040e-01, 7.8214028446376357e-03,
            -4.5761221775290567e-03, -7.8244808546791590e-03,
            9.9996917369135407e-01, -6.5510791880616227e-04,
            4.5708572496347168e-03, 6.9088680144983438e-04,
            9.9998931491262988e-01 ]
    }
}
