{
    "Q": {
        "type_id": "opencv-matrix",
        "rows": 4,
        "cols": 4,
        "dt": "d",
        "data": [ 1.0, 0.0, 0.0, -1.1859477844238281e+03, 0.0, 1.0, 0.0,
            -1.0582877731323242e+03, 0.0, 0.0, 0.0,
            1.5481483735308736e+03, 0.0, 0.0, 9.7240811712248192e+00,
            0.0 ]
    },
    "R": {
        "type_id": "opencv-matrix",
        "rows": 3,
        "cols": 3,
        "dt": "d",
        "data": [ 9.9999475316785091e-01, 1.0952257931789256e-03,
            -3.0486254658253172e-03, -1.0868726073102913e-03,
            9.9999565473946939e-01, 2.7402938009235983e-03,
            3.0516134592050753e-03, -2.7369659555532230e-03,
            9.9999159830103257e-01 ]
    },
    "T": {
        "type_id": "opencv-matrix",
        "rows": 3,
        "cols": 1,
        "dt": "d",
        "data": [ -1.0280445653264998e-01, 1.3862368351009870e-03,
            -2.2066478009931719e-03 ]
    },
    "imageSize": [ 2464, 2056 ],
    "K1": {
        "type_id": "opencv-matrix",
        "rows": 3,
        "cols": 3,
        "dt": "d",
        "data": [ 1.4760689827196977e+03, 0.0, 1.2201528228755617e+03,
            0.0, 1.4758497020135044e+03, 1.0546966943895486e+03, 0.0,
            0.0, 1.0 ]
    },
    "D1": {
        "type_id": "opencv-matrix",
        "rows": 1,
        "cols": 14,
        "dt": "d",
        "data": [ -8.4872257329381853e+00, 3.1836090530298819e+01,
            1.3119069757207542e-03, 1.0778985860867246e-03,
            -3.4335557705866009e+01, -8.5006194302332361e+00,
            3.1908597146547123e+01, -3.4506007166579622e+01, 0.0, 0.0,
            0.0, 0.0, 0.0, 0.0 ]
    },
    "P1": {
        "type_id": "opencv-matrix",
        "rows": 3,
        "cols": 4,
        "dt": "d",
        "data": [ 1.5481483735308736e+03, 0.0, 1.1859477844238281e+03,
            0.0, 0.0, 1.5481483735308736e+03, 1.0582877731323242e+03,
            0.0, 0.0, 0.0, 1.0, 0.0 ]
    },
    "R1": {
        "type_id": "opencv-matrix",
        "rows": 3,
        "cols": 3,
        "dt": "d",
        "data": [ 9.9975376622075540e-01, -1.2443675620925410e-02,
            1.8372856730961548e-02, 1.2418587782403403e-02,
            9.9992179263474046e-01, 1.4789494980561660e-03,
            -1.8389823406057864e-02, -1.2504203966049725e-03,
            9.9983011099082519e-01 ]
    },
    "K2": {
        "type_id": "opencv-matrix",
        "rows": 3,
        "cols": 3,
        "dt": "d",
        "data": [ 1.4705563528577584e+03, 0.0, 1.2423389631845519e+03,
            0.0, 1.4687359559136121e+03, 1.0471235901423263e+03, 0.0,
            0.0, 1.0 ]
    },
    "D2": {
        "type_id": "opencv-matrix",
        "rows": 1,
        "cols": 14,
        "dt": "d",
        "data": [ -2.2759588862756588e+00, -6.6476561992909726e+00,
            3.9322460886714256e-03, 1.5976295373906658e-03,
            -3.4862700044898869e+00, -2.2818958561775520e+00,
            -6.6739667888273688e+00, -3.2782986331181703e+00, 0.0, 0.0,
            0.0, 0.0, 0.0, 0.0 ]
    },
    "P2": {
        "type_id": "opencv-matrix",
        "rows": 3,
        "cols": 4,
        "dt": "d",
        "data": [ 1.5481483735308736e+03, 0.0, 1.1859477844238281e+03,
            -1.5920767692808894e+02, 0.0, 1.5481483735308736e+03,
            1.0582877731323242e+03, 0.0, 0.0, 0.0, 1.0, 0.0 ]
    },
    "R2": {
        "type_id": "opencv-matrix",
        "rows": 3,
        "cols": 3,
        "dt": "d",
        "data": [ 9.9967888008714201e-01, -1.3479879507063414e-02,
            2.1457622333161810e-02, 1.3509153999505297e-02,
            9.9990800304730054e-01, -1.2199181026551727e-03,
            -2.1439203948262701e-02, 1.5094006872222693e-03,
            9.9976901444465172e-01 ]
    }
}
