eye_on_hand: true
robot_effector_frame: ''
tracking_base_frame: ''
transformation:
  pitch: 0.0003449040641966333
  qw: 0.0071452597264135
  qx: -0.9998717172611128
  qy: 0.014334900764741254
  qz: 7.003442377045976e-05
  roll: -3.127305488335447
  x: 0.060347790559693845
  y: -0.04727148434421041
  yaw: -0.02866905165577017
  z: -0.05820884480077741
