{
    "left_rms": 4.7330727971165615e-01,
    "right_rms": 8.0565644054141294e-01,
    "rms": 6.8348394183618377e-01,
    "Q": {
        "type_id": "opencv-matrix",
        "rows": 4,
        "cols": 4,
        "dt": "d",
        "data": [ 1.0, 0.0, 0.0, -1.2608615570068359e+03, 0.0, 1.0, 0.0,
            -1.0521349029541016e+03, 0.0, 0.0, 0.0,
            1.5820692594349734e+03, 0.0, 0.0, 9.9830192371297066e+00,
            0.0 ]
    },
    "R": {
        "type_id": "opencv-matrix",
        "rows": 3,
        "cols": 3,
        "dt": "d",
        "data": [ 9.9997733960325530e-01, 3.8105916311774652e-04,
            -6.7212405038029879e-03, -3.5991762261625517e-04,
            9.9999498526579522e-01, 3.1464110613521551e-03,
            6.7224057673341995e-03, -3.1439206695260194e-03,
            9.9997246213259439e-01 ]
    },
    "T": {
        "type_id": "opencv-matrix",
        "rows": 3,
        "cols": 1,
        "dt": "d",
        "data": [ -1.0016258036277929e-01, 2.7925134570033560e-04,
            1.1948806043983174e-03 ]
    },
    "imageSize": [ 2464, 2056 ],
    "K1": {
        "type_id": "opencv-matrix",
        "rows": 3,
        "cols": 3,
        "dt": "d",
        "data": [ 1.4670363741394324e+03, 0.0, 1.2157487640148336e+03,
            0.0, 1.4682628705827517e+03, 1.0644658959497663e+03, 0.0,
            0.0, 1.0 ]
    },
    "D1": {
        "type_id": "opencv-matrix",
        "rows": 14,
        "cols": 1,
        "dt": "d",
        "data": [ -4.0590831945373820e+00, 1.5032568195956866e+01,
            -1.5524673157103471e-03, -2.3930105947740421e-04,
            -1.2229413097450214e+01, -4.0556146913813613e+00,
            1.4982653195031151e+01, -1.2173152590497970e+01, 0.0, 0.0,
            0.0, 0.0, 0.0, 0.0 ]
    },
    "P1": {
        "type_id": "opencv-matrix",
        "rows": 3,
        "cols": 4,
        "dt": "d",
        "data": [ 1.5820692594349734e+03, 0.0, 1.2608615570068359e+03,
            0.0, 0.0, 1.5820692594349734e+03, 1.0521349029541016e+03,
            0.0, 0.0, 0.0, 1.0, 0.0 ]
    },
    "R1": {
        "type_id": "opencv-matrix",
        "rows": 3,
        "cols": 3,
        "dt": "d",
        "data": [ 9.9982312294867304e-01, -2.3692246970374300e-03,
            -1.8657695235413035e-02, 2.3984558560163427e-03,
            9.9999593097643913e-01, 1.5444869930005549e-03,
            1.8653960080083461e-02, -1.5889634670925633e-03,
            9.9982473712567799e-01 ]
    },
    "K2": {
        "type_id": "opencv-matrix",
        "rows": 3,
        "cols": 3,
        "dt": "d",
        "data": [ 1.4706652648686018e+03, 0.0, 1.2216530350031194e+03,
            0.0, 1.4713681820866768e+03, 1.0509400617731073e+03, 0.0,
            0.0, 1.0 ]
    },
    "D2": {
        "type_id": "opencv-matrix",
        "rows": 14,
        "cols": 1,
        "dt": "d",
        "data": [ -4.3705120762553129e+00, -3.0255749345081786e+00,
            -2.1169109316109378e-03, 2.5418681861102120e-03,
            3.9764602972472687e+01, -4.3762947283723888e+00,
            -2.9842958560824240e+00, 3.9653790615579233e+01, 0.0, 0.0,
            0.0, 0.0, 0.0, 0.0 ]
    },
    "P2": {
        "type_id": "opencv-matrix",
        "rows": 3,
        "cols": 4,
        "dt": "d",
        "data": [ 1.5820692594349734e+03, 0.0, 1.2608615570068359e+03,
            -1.5847603033266779e+02, 0.0, 1.5820692594349734e+03,
            1.0521349029541016e+03, 0.0, 0.0, 0.0, 1.0, 0.0 ]
    },
    "R2": {
        "type_id": "opencv-matrix",
        "rows": 3,
        "cols": 3,
        "dt": "d",
        "data": [ 9.9992496660217578e-01, -2.7877715561203729e-03,
            -1.1928516059779090e-02, 2.7690782500978074e-03,
            9.9999491260706863e-01, -1.5833400222260861e-03,
            1.1932869365008435e-02, 1.5501902244672325e-03,
            9.9992759914855123e-01 ]
    }
}
