eye_on_hand: true
robot_effector_frame: ''
tracking_base_frame: ''
transformation:
  pitch: 0.006300160339494912
  qw: 0.004423504604375572
  qx: -0.9999764689257946
  qy: -0.004177808540338446
  qz: 0.0031686144471638755
  roll: -3.1327190842789294
  x: 0.08504067818811768
  y: -0.0426153840678222
  yaw: 0.008383717816406008
  z: -0.05594638857729419
