eye_on_hand: true
robot_effector_frame: ''
tracking_base_frame: ''
transformation:
  pitch: -0.00931942934067358
  qw: -0.0007556504475403902
  qx: -0.9999875482794185
  qy: 0.0016219884765594217
  qz: -0.004658479569658203
  roll: 3.1400964179802378
  x: 0.07109807890021892
  y: -0.04852245908849267
  yaw: -0.0032370424190303485
  z: -0.059930023629888224
