eye_on_hand: true
robot_effector_frame: ''
tracking_base_frame: ''
transformation:
  pitch: 0.01487030943976351
  qw: -0.9982180870988451
  qx: -0.05907200956721695
  qy: -0.007186848995919426
  qz: 0.004415594628480568
  roll: 0.11815780856869688
  x: 0.06008536889096405
  y: 0.03715579552504892
  yaw: -0.00796733478093585
  z: 0.041951694263561295
