{
    "left_rms": 2.7299424666518218e-01,
    "right_rms": 2.6662884504994189e-01,
    "rms": 2.7044586621436251e-01,
    "Q": {
        "type_id": "opencv-matrix",
        "rows": 4,
        "cols": 4,
        "dt": "d",
        "data": [ 1.0, 0.0, 0.0, -1.2471634063720703e+03, 0.0, 1.0, 0.0,
            -1.0479429779052734e+03, 0.0, 0.0, 0.0,
            1.5208468499774212e+03, 0.0, 0.0, 9.9973813293893148e+00,
            0.0 ]
    },
    "R": {
        "type_id": "opencv-matrix",
        "rows": 3,
        "cols": 3,
        "dt": "d",
        "data": [ 9.9992525616698913e-01, 1.0955605136635087e-02,
            -5.4274114890498319e-03, -1.0950027555873697e-02,
            9.9993948871018135e-01, 1.0563212327826278e-03,
            5.4386557077040574e-03, -9.9681197392266605e-04,
            9.9998471357815355e-01 ]
    },
    "T": {
        "type_id": "opencv-matrix",
        "rows": 3,
        "cols": 1,
        "dt": "d",
        "data": [ -1.0002434203851786e-01, 6.0051408325241355e-04,
            9.8902821171689779e-05 ]
    },
    "imageSize": [ 2464, 2056 ],
    "K1": {
        "type_id": "opencv-matrix",
        "rows": 3,
        "cols": 3,
        "dt": "d",
        "data": [ 1.4740164403027097e+03, 0.0, 1.2472987148150069e+03,
            0.0, 1.4750978631485375e+03, 1.0456077568696633e+03, 0.0,
            0.0, 1.0 ]
    },
    "D1": {
        "type_id": "opencv-matrix",
        "rows": 14,
        "cols": 1,
        "dt": "d",
        "data": [ -1.5979770718373454e+00, 6.4747289441110523e-01,
            5.4931311061310803e-04, 1.6052461865575073e-03,
            -7.4770926603953469e-01, -1.6145962012766637e+00,
            6.8961197835281840e-01, -7.7353509400148601e-01, 0.0, 0.0,
            0.0, 0.0, 0.0, 0.0 ]
    },
    "P1": {
        "type_id": "opencv-matrix",
        "rows": 3,
        "cols": 4,
        "dt": "d",
        "data": [ 1.5208468499774212e+03, 0.0, 1.2471634063720703e+03,
            0.0, 0.0, 1.5208468499774212e+03, 1.0479429779052734e+03,
            0.0, 0.0, 0.0, 1.0, 0.0 ]
    },
    "R1": {
        "type_id": "opencv-matrix",
        "rows": 3,
        "cols": 3,
        "dt": "d",
        "data": [ 9.9996710879365058e-01, 4.9531829604853635e-03,
            -6.4224068251168822e-03, -4.9499555028510080e-03,
            9.9998761456103669e-01, 5.1832909182443813e-04,
            6.4248946596146966e-03, -4.8652141534980762e-04,
            9.9997924179731112e-01 ]
    },
    "K2": {
        "type_id": "opencv-matrix",
        "rows": 3,
        "cols": 3,
        "dt": "d",
        "data": [ 1.4777994838722436e+03, 0.0, 1.2204390348025320e+03,
            0.0, 1.4786743756465985e+03, 1.0516362330170846e+03, 0.0,
            0.0, 1.0 ]
    },
    "D2": {
        "type_id": "opencv-matrix",
        "rows": 14,
        "cols": 1,
        "dt": "d",
        "data": [ -6.4254847282669765e+00, 7.0499645047839499e+00,
            -1.0029362408031093e-03, 3.2432304169122963e-04,
            9.2977495047790200e+01, -6.4337460601570440e+00,
            7.1496799119738004e+00, 9.2536677023861941e+01, 0.0, 0.0,
            0.0, 0.0, 0.0, 0.0 ]
    },
    "P2": {
        "type_id": "opencv-matrix",
        "rows": 3,
        "cols": 4,
        "dt": "d",
        "data": [ 1.5208468499774212e+03, 0.0, 1.2471634063720703e+03,
            -1.5212452139907737e+02, 0.0, 1.5208468499774212e+03,
            1.0479429779052734e+03, 0.0, 0.0, 0.0, 1.0, 0.0 ]
    },
    "R2": {
        "type_id": "opencv-matrix",
        "rows": 3,
        "cols": 3,
        "dt": "d",
        "data": [ 9.9998148958032917e-01, -6.0035682839463707e-03,
            -9.8876921782931125e-04, 6.0030707371741161e-03,
            9.9998185369185877e-01, -5.0539956328899880e-04,
            9.9178547610728274e-04, 4.9945455657359036e-04,
            9.9999938345316752e-01 ]
    }
}
